0
1
30
30
24
19
41
44
28
8
29
2
7
18
2
12
35
23
14
19
12
3
8
13
31
2
18
11
2
2
38
13
28
35
13
1
29
32
35
7
26
26
3
57
74
14
76
11
25
18
19
19
18
64
103
84
31
33
19
69
50
25
48
19
84
62
18
19
18
18
25
19
14
95
19
17
18
15
15
59
18
49
51
52
48
57
40
80
30
39
29
94
57
39
68
62
65
42
53
53
29
0
36
79
50
41
34
81
49
21
35
75
38
24
59
183
59
60
36
32
141
118
32
37
35
65
50
85
18
17
18
15
16
16
21
24
17
21
18
22
21
18
23
18
24
40
37
23
22
25
18
24
23
18
25
118
19
32
62
71
85
16
40
19
13
21
21
16
16
16
16
96
88
22
32
31
64
65
21
21
82
16
66
16
64
42
17
54
80
84
17
44
17
16
17
16
17
17
33
